9562,9315,19747,18687,14223,8518,9294,14499,19704,14234,8764,13181,9500,19204,17599
14041,13869,16290,12720,13757,19954,17923,18340,18699,19353,11688,12036,9066,14762,17495,10805,12174,12269,10358,15793,14908
16871,8664,19532,14930,10695,16324,14073,8801,16773,8515,9747,11102,16691,14884,15905,17842,18077,18106,11541,9306,14217,9969,15849,17134,13494,10830,16774,8338,10582,17575,18512,10307,11210
14378,15048,12067,9235,15086,14499,9721,9144,11509,9669,15401,16151,11657,13337,8592,17123,10864,15787,8722,19423,18361,17724,11016,12047,9415,10118,11542,16098,15251,9288,16505,9649,13726,16776
10968,9601,12732,10386,13260,16931,14235,8452,11456,10970,14067,12980,17077,11681,9289,11801,11538,11276,11769,14958,19865,19922,14795,19315,11503,12225,10844,9801,17810,16458
18021,15020,14303,15536,16543,13480,11867,11239,18827,18518,10849,11416,15541,19667,16079,10646,19080,14989,19494,12675
9645,12108,13227,15235,15654,13557,19806,16536,11465,12749,14034,15270,15176,19777,15368,16085,19473,9728,11790,18652,14877,13270,15334,11947,17451,13007,8362,16267,13844,16160,18514,14296,18666,11927,9266,19375,18861,18959,19057,18378,8879
10506,15411,19696,17242,14537,17394,14718,11684,11332,17841,16176,9919,15517,9255,13585,19477,12515,8591,15848,9043,11780,14517,10733,8514,10079,9510,13894,18333,13286,11511,13412,11916,19105,12159
19562,10612,8654,8504,19565,18604,19831,15967,9521,13779,11543,11537,14182
8743,10802,18186,8740,19403,11966,10399,19126,13832,9271,14387,9862,14119,12888,15778,17288,11778,12234,12691,11456,12005,10175,18327,13047,9785,10589,14656,10926,14352,8999,12275,11698,18045,19814,19405,15545,10299
10491,11281,16966,18534,13314,14414,9132,18503,14166,13406,13043,13428,11666,8420,17500,18781,19368
12270,19797,16844,17891,19313,14137,17068,15148,10136,18430,17474,12203,14951,8411,10848,14512,15645,14531,11458,10408,12833,18984,8670
14849,19165,9476,19040,17581,18124,13905,10041,19076,12786,16843,10467,15019,13711,19314,10816,9642
9168,15499,18678,16967,11545,15445,14669,17793,18344,15774,10922,10160,13918,8843,11074,19854,9385,13251,14602,10141,12062,10376,8470,18037,13617,19415,16832,16294,15756,10064,10286,9464,13413,13330,9021,17027,18473
15543,19547,16414,8990,9577,14346,9932,11063,16621,15176,18088,19208,19670,10843,12516,14606,15856,9779,12145,12629
11680,14019,14342,11631,11659,15104,9777,13632,16986,14302,18751,11017,15406,11023,14788,8564,11633,11304,10975,15028,14369,10452,14223,19324,14584,10554,14631,14710,15461,9951,16996,9632,13885,9963,17096
9798,9460,10423,18534,9524,19256,17620,18290,13765,16977,16278,9490,11562,10850,11607
17471,16314,12936,19715,15017,19786,8565,16456,12503,15250,15675,17531,16168,17734,9372,13228,17085,12867,13339,10427,19443,12102,18025,8341,12928,17515,10550,18370,14760,19447,14865,15979,16977,16266,10234,19666,15793
11183,8607,8525,16560,12788,19541,13186,17346,9625,9930,9082,10282,12277,13630,14984,14897,9340,18415,15953,19654,10536,11234,9405,11056,10013,14470,12522,9123,8623,9385,13465,18661,14996,13077
11361,18799,14348,9652,10656,10639,10622,18352,16747,15133,10061,18048,12955,8577,10134,9706,10258,11830,10144,8924,17495,16392,18095,8686,17181,14694
18733,19554,17143,18032,8384,19312,8473,13690,19878,15931,9943,8938,16586,8499,9793,19175,11410,10353,10502,13944,11435,8926,17439,11740,11222,10704,13798,16892,18065,19239,17471,18478,16985,13211,19155,8576,15803,16019,17627,9217
17137,9903,13659,10482,17049,18846,16736,10475,9742,15935,16233,17237,17823,9883,14456,10720,8321,16638,14440,9013,11910,13465,13333,16580,13362,17265,13273,12054,14101,10381,11785,14045,17050,15113,11746,15717,17714,8855,13494,18133,9112,13344,17293,9771,12026,16008,9790,12503,10835,17720,15924,8343
15232,18698,19273,13798,18665,16895,8553,13638,18032,16706,11546,12661,11375,11089,14772,9081,16707,8288,10084,19599,12440,8594,10398,8751,11577,9592,16392,18212,13539,15152,19908,14378,11366,18233,8502,11567,9033,9384,12269,8515,14344,12296,10249,14483,18717,13276,18958,9923,18009,14545,9882
18768,15705,14738,17963,14703,11478,8791,19438,15117,14139,10434,12354,13449,14545,12037,9529,11373,10116,18418,10254,18966,9305,12072,12385,8290,16000,11024,13249,12302,13260,19874,12445,15622,14727,17327,11754,16517,14761,9445,15282,14247,18011,15576,15759,12669
10277,10679,12120,15827,13788,19339,17351,11677,17631,10329,10003,12246,13166,16359
18719,18302,17812,18054,8590,15327,16010,16752,11430,9899,10281,11304,15444,16286,18448,9098,13041,17396,10711,9129,11015,10133,12748,8649,11785,11042
8497,13802,19498,15553,17084,16753,13007,14240,12511,15290,12271,13012,16173,16951,11211,17004,10385,11148,19154,9276,9303,8526,11495,10055,12565,16385,9088,11543,15148,13229,9328,11505,16515,10232,11536,8463,18366,14640,11107,9594,17256,10110
19700,17989,17737,15186,17451,12792,12568,15418,15947,9792,15355,15385,13366,11348,10365,13845,12341,15488,8739,13189,13216,16537,14931,15066,15295,18326,14181,18510,10050,10052,9216,19701,12141,8457,18553,14096
16494,8942,13961,17535,18595,9879,9095,17919,15098,16168,16835,18676,17503,9110,18718,19972,8657,9703,11648,16304,19701,16661,10497,10800,16224,11658,11086,13944
14261,16788,9571,15943,17067,12355,11615,10093,10070,10047,15201,10084,10280,12374,14738,15188,19325,10215,11362,12510,9137,16737,19205,18559,10669,14785,9737,14519,17432,11220,14225,12322,11125,14663,10260,8907,13777
10649,13604,19547,10348,13992,10768,16464,14934,11770,13629,11407,11170,18785,9549,9016,11277,10737,11088,11439,8930,12020,9859,9371,17778,11801,18722,19013,19533,14758,18873,14995
15629,9969,13783,14509,13740,17061,14897,10354,19544,16471,8342,19219,9411,11859,11216,10866,13643,12831,13227,10032,16837,18661,11571,16359,14022
16724,17357,16210,14505,17751,16259,18476,19428,10627,9841,8897,11643
10893,11109,9685,14978,9082,18959,13362,14019,14970,13020,19457,17182,11832,8443,8662,8894,17437,12293,9753,17513,13092,8397,13366,8866,14797,8569,10975,16321,18600,19607,11097,15836,14454,13072,12788,19558,15541,11392,15633,15876,18999,11003
8547,15596,17617,19578,16975,16505,15247,12590,17866,19040,15451,11862,13911,19866,13632,8580,12222,18435,13478,15610,17743,12045,8862,15059,13260,10802,17420,13964,14430,12459,17449,15330,17088,13268
19339,10192,15749,13434,15235,18906,17159,15629,17399,9000,11244,13635,11006,15272,12887,19547,8701,15379,10100,19663,13502,15410
16183,8486,12036,18649,9507,8555,14232,8997,13243,8820,9760,11940,11475,9829,16984,12363,12510,13350,17084,16425,18033,12027,10367,11372,13972,16573,18318,10942,9284,14152,19020,17197,10120,15242,14661,14081,12939,11067,18383,14470,17059,19649,13420,11970,19445,13368,12376,8327,14762
16477,17243,19589,15640,8669,13725,16706,16663,10926,13942,13723,12400,11211,8701,12812,15720,18476,19541,14029,8517,14741,12223,16031,13299,11456,10586,11422,12259,14422,10786,10913,13112,15384,9690,9301,8912,10382,16760,13588,9468,12791,8436,8691,11413,14135,16518,19972,15995
17551,15755,14858,11726,14614,18456,13471,8394,8818,13017,11349,11464,13728,15992,12456,19718,9543,14116,11667,8798,12026,17328,19405,19173,8508,16180,13620,8586,11541,8286,9389,18117,12722,19785,19565,10408,9094,11403,17772,15892,14013,11592,9171,17356,10728,13745,17921,11655,11222,13869
19522,13576,10685,18010,12648,8358,18450,15572,12531,9490,12239,14839,12762,13010,16085,9279,18295,16048,10488,8929,12107,18321
13293,17407,14420,11589,15048,10766,12023,18304,15862,13421,9448,12072,9640,11877,14114,9005,13488,10779,14592,13364,9856,19581,16450,9082,10637,12193,17719,14880
18916,8871,14150,13181,14228,14822,11113,19818,14303,10459,10168,9878,19551,11482,9980,19248,18151,17055,13287,10384,17883
10851,12459,12315,12085,19882,8931,16921,17134,10050,11782,15687,8368,13037,17873,17275,11551,19678,9994,11249,18713,8746,12147,15549,19543,14700,11042,19627,11774,10745,16629,11343,12654,18952,17041,15131,18456,11754,14438,15255,13502,10654
13444,19853,18582,16131,12673,18110,9500,11569,10984,15411,9879,19779,12951,8844,14811,13321,13209,13192,13108,12803,12499,8634,16819,8293,10884,15376,9547,14732,9471,17335,12232,18130
10298,15591,12359,9009,9240,15371,19052,12078,11084,13857,8796,10203,11610,9672,13297,8540,9007,9474,9429,9385,14652,8868,8624,18964,12474,14605,8684,12532,14557,18264,17226,18369,14090,16168,15661,11411,14813
13089,11348,13227,9689,15982,19590,17034,17523,12335,14398,15454,16245,19188,16710,10500,18192,14961,15976,10597,11028,18082,11517,13652,15858,18572,12240,18125,12865,19869
12494,12120,18738,11691,14251,11947,10093,17524,19714,11307,14985,10424,12932,13170,13258,10195,12622,14744,17886,13958,15134,17135,19701,10936,13857,17527,13233,8939,12421,8975,13115,16157,12668,19248,19086,19334,14726,13944,17404,11847,16847
19130,16512,10717,9327,19936,12415,12102,10837,15678,10512,16021,14970,18318,19617
12826,19896,15388,8571,17232,14547,11863,8311,13930,14280,15980,19242,18143,12146,12399,13176,9232,13666,19028,16587,17293,12759,18409
15642,12405,19900,18030,16940,19632,9157,13481,10743,11145,16536,15061,14031,16473,8453,18346,9483,12506,17549,18818,16731,14524,8317,14040,13853,11646,9439,16159,12025,10832,19424
13061,19465,17945,15042,15009,14050,12300,9748,15974,11627,17736,11251,11580,8346,12016,17194,16334,17297,14496,19339,11012,9080,19448,13568,17569,14083,10597,14539,19090,10943,15133,18178,13851,14974,9191,17961,11478,16094,8521,9468,11771,14075,9039,18788,9253
16274,8298,11819,14512,9082,19444,12470,17219,9790,19229,14673,15048,10883,14253,13735,13896,10609,12078,8674,10756,18991
14338,17266,15491,8346,16150,8386,18468,11137,15116,11736,18108,9712,17430,12569,13779,8953,11833,18529,16336,12845,17489,13211,19733,15307,10881,14736,15971,11285,9275,17328,19001,11716,9122,18598,10003,11515,10601,15495,19797,9809,15506,14481,17591,11457
10532,18131,17354,16813,12324,19216,17944,13222,11965,19137,12357,19172,17254,16955,18252,11774,17631,14021,11796,15799,9635,14263,19407,13677
12900,16851,10974,18507,17428,13358,18156,17772,17388,11874,10558,19951,12116,17362,18988,12728,10421,19840,14804,12712,8512,9770,9292,13684,9414,8296,13802,16271
11580,19085,14869,12779,14745,8750,12223,18039,13925,9873,13152,19193,14769,15716,12511,19219,15671,9652,11910,11182
19239,13554,14375,8764,13841,19863,15955,11708,10607,11857,13107,10626,14777,12487,16071,16306,9234,13519,13173,14547,15226,9701,17390,11867,16704,17869,17449,14879
11651,9314,9281,15041,19918,10581,10797,15567,12941,17917,11315,13094,13241,10566,12245,8797,12527,14739,16951,19744,14167,10797,17334,9349,11798,18309,15806,14159,18383,15578,10264,10539,12361,15051,17741,19080,11316,14972,14803
