234782554.3478261
88782841.05172414
-186964694.2173913
-117743809.0909091
42354157.63636363
-145351201.07142857
-321107236.6
11059220.773333333
375721672.1369863
-70608960.65625
248053653.52564102
37757820.094339624
107099544.1904762
143817614.03846154
31252971.59375
-106982643.18518518
-231043431.1
-127880311.61764705
-31900045.48387097
123714030.9090909
15133250.393939395
-274427462.2
43439053.646153845
-205477904.725
231814923.2
-104089637.89285715
-336083307.28846157
-136529796.91836736
262404424.97468355
-253051137.2835821
88580843.6097561
112653904.6724138
48634540.9
99432494.15384616
28829977.656716418
-176609774.5925926
95596725.9375
-68852421.8923077
156886719.3888889
-14382579.85
66721991.95454545
-171748789.3846154
112804162.61538461
99447175.73913044
-234658972.92857143
-213366307.79452056
54533428.884615384
25620667.36842105
-102649826.7586207
186191165.92307693
41155175.55
-53350928.093333334
-70599421.94339623
-342342078.6923077
94364231.80555555
130038484.12903225
491842049.5
185439384.43055555
92651865.24561404
-48452289.64556962
-88085172.5
244972702.45454547
92663460.33846153
-492165852.1666667
-113512008.54054055
-740242252.6956521
-138433127.53846154
-9777458.227272727
115819223.85714285
-53097465.692307696
-172696220.37288135
254095874.23404256
-69715706.40845071
79035156.77419356
-122464936.88636364
-325078992.0
8896782.045454545
-169026062.7580645
-92631193.75
-309111901.7627119
12753641.644067796
-189983589.85714287
-12370358.891891891
107427826.1754386
-232916701.1153846
-41745564.654545456
67420747.26666667
18964241.06557377
-431838528.8181818
27328912.96969697
-170114606.17391303
11677419.857142856
-91623352.46052632
-143682075.77941176
-167384501.375
69837301.0
-37384998.92405064
100942476.86956522
